%DenseNet201
\addplot coordinates {
	(05, 83.31927061080933)
	(10, 82.83854186534882)
	(15, 89.26395833492279)
	(20, 92.69947922229768)
	(25, 94.9552083015442)
	(30, 95.32760429382324)
	(35, 96.44947934150696)
	(40, 97.19635426998138)
	(45, 97.2223961353302)
	(50, 98.01822912693024)
	(55, 98.32552069425584)
	(60, 98.54166686534882)
	(65, 98.375)
	(70, 98.5947920680046)
	(75, 98.76666694879532)
	(80, 99.1552083492279)
	(85, 99.02656251192091)
	(90, 99.03802126646042)
	(95, 98.91458356380464)
	(100, 99.10781276226044)
};
