auc
0.05 90.07829308509828
0.1 89.39321690797806
0.15 94.02151781320572
0.2 96.60366016626358
0.25 97.81349974870682
0.3 98.03939819335938
0.35 98.50562953948976
0.4 99.13601875305176
0.45 99.10823661088943
0.5 99.48084902763368
0.55 99.64018642902374
0.6 99.67375791072844
0.65 99.56317287683488
0.7 99.69327676296234
0.75 99.7660589814186
0.8 99.88440829515456
0.85 99.86279839277267
0.9 99.8591359257698
0.95 99.82765233516692
1.0 99.87918722629549
val_auc
0.05 73.46544867753983
0.1 73.45948761701584
0.15 75.8469580411911
0.2 77.17379546165466
0.25 79.443106174469
0.3 81.06336677074432
0.35 82.24123591184616
0.4 83.18481612205505
0.45 83.67553389072418
0.5 84.71384656429291
0.55 85.62330484390259
0.6 86.05469077825546
0.65 86.24272978305817
0.7 86.60395991802216
0.75 86.49705308675766
0.8 87.69908982515335
0.85 87.29179853200912
0.9 87.91995871067047
0.95 88.50180810689926
1.0 88.44476842880249
