%DenseNet201
\addplot coordinates {
	(05, 83.46354180574417)
	(10, 82.95520865917206)
	(15, 89.3114584684372)
	(20, 92.737499833107)
	(25, 94.99687504768372)
	(30, 95.37552094459534)
	(35, 96.51666641235352)
	(40, 97.2135414481163)
	(45, 97.2520837187767)
	(50, 98.03437489271164)
	(55, 98.33593702316284)
	(60, 98.55677092075348)
	(65, 98.39114588499068)
	(70, 98.60729163885117)
	(75, 98.78958350419998)
	(80, 99.16145831346512)
	(85, 99.03229159116744)
	(90, 99.0369794368744)
	(95, 98.91875046491624)
	(100, 99.13489615917206)
};
