%DenseNet201
\addplot coordinates {
	(05, 83.35336798429489)
	(10, 82.80891644954681)
	(15, 89.23642659187317)
	(20, 92.70519077777864)
	(25, 94.95919114351273)
	(30, 95.33942073583604)
	(35, 96.47433322668076)
	(40, 97.18861067295074)
	(45, 97.24663084745409)
	(50, 98.0090304017067)
	(55, 98.32001852989195)
	(60, 98.53903836011888)
	(65, 98.36579036712646)
	(70, 98.62131142616272)
	(75, 98.78430032730104)
	(80, 99.15644389390944)
	(85, 99.01464641094208)
	(90, 99.04155313968658)
	(95, 98.90823864936829)
	(100, 99.131676197052)
};
