%DenseNet201
\addplot coordinates {
	(05, 90.07829308509828)
	(10, 89.39321690797806)
	(15, 94.02151781320572)
	(20, 96.60366016626358)
	(25, 97.81349974870682)
	(30, 98.03939819335938)
	(35, 98.50562953948976)
	(40, 99.13601875305176)
	(45, 99.10823661088943)
	(50, 99.48084902763368)
	(55, 99.64018642902374)
	(60, 99.67375791072844)
	(65, 99.56317287683488)
	(70, 99.69327676296234)
	(75, 99.7660589814186)
	(80, 99.88440829515456)
	(85, 99.86279839277267)
	(90, 99.8591359257698)
	(95, 99.82765233516692)
	(100, 99.87918722629549)
};
