%DenseNet201
\addplot coordinates {
	(05, 83.32894486188889)
	(10, 82.81701409816742)
	(15, 89.2175332903862)
	(20, 92.6993163228035)
	(25, 94.95501363277435)
	(30, 95.33160668611526)
	(35, 96.4603238105774)
	(40, 97.19324046373367)
	(45, 97.2337064743042)
	(50, 98.01284247636796)
	(55, 98.32277917861938)
	(60, 98.54054814577104)
	(65, 98.37066918611526)
	(70, 98.60723650455476)
	(75, 98.7752559185028)
	(80, 99.15572208166122)
	(85, 99.020756483078)
	(90, 99.03913938999176)
	(95, 98.91120320558548)
	(100, 99.11938655376434)
};
