%DenseNet201
\addplot coordinates {
	(05, 83.36145800352097)
	(10, 82.80260396003723)
	(15, 89.18802088499069)
	(20, 92.70364612340929)
	(25, 94.96145844459534)
	(30, 95.34270828962326)
	(35, 96.48072916269302)
	(40, 97.18750005960464)
	(45, 97.24843788146973)
	(50, 98.0067708492279)
	(55, 98.31927055120468)
	(60, 98.53854167461397)
	(65, 98.36770814657211)
	(70, 98.62343764305116)
	(75, 98.78489625453948)
	(80, 99.1567707657814)
	(85, 99.0145834684372)
	(90, 99.04166662693024)
	(95, 98.907812833786)
	(100, 99.13229203224182)
};
