auc
0.05 64.9753326177597
0.1 66.08125007152557
0.15 67.70030581951141
0.2 69.50195181369781
0.25 70.53897535800934
0.3 72.90449166297913
0.35 73.88309228420258
0.4 74.67358732223511
0.45 77.47012603282928
0.5 79.6614979505539
0.55 82.88182234764099
0.6 81.85625422000885
0.65 83.36890125274658
0.7 82.39403426647186
0.75 86.04747593402863
0.8 85.13274037837982
0.85 84.57336091995239
0.9 86.20443451404572
0.95 86.16426742076874
1.0 86.89286363124847
val_auc
0.05 65.05208730697632
0.1 65.4754947423935
0.15 66.87943601608276
0.2 67.19218730926514
0.25 67.02269494533539
0.3 66.77641892433167
0.35 67.82135385274887
0.4 67.4718097448349
0.45 68.83408451080322
0.5 71.76142382621765
0.55 73.8387850522995
0.6 73.39142280817032
0.65 74.28853303194046
0.7 73.86744821071625
0.75 76.59562969207764
0.8 76.45498597621918
0.85 75.96385896205902
0.9 77.23511755466461
0.95 77.3971004486084
1.0 77.31210041046143
