auc
0.05 86.94721460342407
0.1 94.5639946460724
0.15 95.14746987819672
0.2 97.76408278942108
0.25 98.84187519550323
0.3 98.9960559606552
0.35 99.02800714969636
0.4 99.5311245918274
0.45 99.52991759777068
0.5 99.50818061828612
0.55 99.60101568698884
0.6 99.60628890991212
0.65 99.70928716659546
0.7 99.81032049655914
0.75 99.81439459323884
0.8 99.82545185089111
0.85 99.79032027721404
0.9 99.79909074306488
0.95 99.87089002132416
1.0 99.7679957151413
val_auc
0.05 72.6159462928772
0.1 75.97686159610748
0.15 77.59475636482239
0.2 78.9079464673996
0.25 81.39766895771027
0.3 82.92420256137848
0.35 83.85046887397766
0.4 85.13014781475067
0.45 84.99375879764557
0.5 85.49885332584381
0.55 86.36599838733673
0.6 86.8006159067154
0.65 86.9126787185669
0.7 87.14911425113678
0.75 87.46763920783997
0.8 88.17880654335022
0.85 88.69006478786469
0.9 89.34548008441925
0.95 89.60309088230133
1.0 90.0747309923172
