%MobileNetV2
\addplot coordinates {
	(05, 70.1092404127121)
	(10, 70.85394859313965)
	(15, 76.11532688140869)
	(20, 85.68934440612793)
	(25, 76.524498462677)
	(30, 86.08636677265167)
	(35, 83.94536674022675)
	(40, 90.20946621894836)
	(45, 75.68163990974426)
	(50, 90.66963016986848)
	(55, 89.018035531044)
	(60, 89.21003878116608)
	(65, 88.57389569282532)
	(70, 94.3476414680481)
	(75, 94.10190999507904)
	(80, 89.11486983299255)
	(85, 86.75924301147461)
	(90, 88.97927403450012)
	(95, 92.45594203472136)
	(100, 94.13796603679656)
};
