%MobileNet
\addplot coordinates {
	(05, 89.79498056265024)
	(10, 93.78873339066138)
	(15, 95.97593316665063)
	(20, 96.73634033936722)
	(25, 99.4959546969487)
	(30, 98.36363654870254)
	(35, 99.87531900405884)
	(40, 99.72421114261334)
	(45, 97.7079904996432)
	(50, 99.60942360071036)
	(55, 99.96132392149704)
	(60, 98.92630898035488)
	(65, 99.67281910089346)
	(70, 99.57350996824412)
	(75, 99.661418566337)
	(80, 99.7667005428901)
	(85, 99.7359064909128)
	(90, 99.9559450149536)
	(95, 99.63232149248536)
	(100, 99.92977976799013)
};
