%MobileNetV2
\addplot coordinates {
	(05, 70.62239557504654)
	(10, 71.27083241939545)
	(15, 76.57812535762787)
	(20, 85.79687535762787)
	(25, 77.109375)
	(30, 86.3489580154419)
	(35, 84.18749988079071)
	(40, 90.46354115009308)
	(45, 76.57812476158142)
	(50, 90.93229234218596)
	(55, 89.07812476158142)
	(60, 89.31249976158142)
	(65, 88.98958384990692)
	(70, 94.36979115009308)
	(75, 94.39062416553496)
	(80, 89.43749964237213)
	(85, 87.20312535762787)
	(90, 89.14583384990692)
	(95, 92.61458337306976)
	(100, 94.21354115009308)
};
