val_accuracy_mean
0.05 54.483333230018616
0.1 55.22916662693024
0.15 58.97916686534882
0.2 59.56249964237214
0.25 60.55000019073486
0.3 62.94166648387909
0.35 62.14999997615814
0.4 64.19166648387909
0.45 63.4666669368744
0.5 65.22499966621399
0.55 66.57083344459534
0.6 65.19583368301392
0.65 67.13333320617676
0.7 65.13333320617676
0.75 68.07499980926514
0.8 68.80000030994415
0.85 67.61666655540466
0.9 68.28750026226044
0.95 68.39999973773956
1.0 67.20416676998138
val_precision_mean
0.05 52.05313128232956
0.1 54.79820388555526
0.15 59.51138412952424
0.2 59.00530540943145
0.25 59.777898490428925
0.3 63.01712787151337
0.35 61.54476737976074
0.4 64.00565278530121
0.45 63.32651138305664
0.5 64.93749731779099
0.55 66.44664740562439
0.6 65.24997347593307
0.65 66.8591537475586
0.7 65.03825759887695
0.75 67.93282210826874
0.8 68.64951181411743
0.85 68.12202143669128
0.9 68.50055825710297
0.95 68.24548131227493
1.0 67.09955191612244
val_sensitivity_mean
0.05 53.108333617448814
0.1 58.72083336114884
0.15 54.95416675973684
0.2 56.83750039339066
0.25 60.63750013709068
0.3 65.79166643321514
0.35 63.34583365917206
0.4 62.80833300948143
0.45 63.075000017881386
0.5 66.76249980926514
0.55 66.27083343267441
0.6 61.954166933894165
0.65 65.87500008940697
0.7 63.879166290164
0.75 68.02916657924652
0.8 68.61666694283485
0.85 66.28750033676624
0.9 67.88333314657211
0.95 68.58750033378601
1.0 67.32916659116745
val_specificity_mean
0.05 54.03749997913837
0.1 50.99166670814157
0.15 61.42083336412907
0.2 60.96249967813492
0.25 59.15833327593282
0.3 59.66666680993512
0.35 59.458333648741245
0.4 64.59999978542328
0.45 62.15416658157484
0.5 63.33333349227905
0.55 66.28333330154419
0.6 66.87083381414413
0.65 67.06666672229767
0.7 64.7166668344289
0.75 67.37500029802322
0.8 67.96666699647903
0.85 68.79166665673256
0.9 68.58749994635582
0.95 67.82083362340927
1.0 65.9375000745058
val_f1_score_mean
0.05 51.12634730339051
0.1 55.75147980451584
0.15 54.21380319632589
0.2 56.6707276403904
0.25 59.46624037623406
0.3 63.30289322137833
0.35 61.99038565158844
0.4 62.75493639707565
0.45 61.64672628045083
0.5 65.47949951887131
0.55 66.14484804868698
0.6 62.35811343789101
0.65 65.51735588908195
0.7 63.44241490960121
0.75 67.50208169221878
0.8 68.17096418142319
0.85 66.12780891358852
0.9 67.71877509355545
0.95 68.30041182041168
1.0 66.57865464687347
val_auc_mean
0.05 56.41386258602142
0.1 57.715677082538605
0.15 62.09529936313629
0.2 62.37218379974365
0.25 63.5582537651062
0.3 66.92200899124146
0.35 65.59632003307343
0.4 67.8586853146553
0.45 67.49035102128983
0.5 69.61119878292084
0.55 71.27397638559341
0.6 69.32447791099548
0.65 71.42194390296936
0.7 69.45417976379395
0.75 73.0385627746582
0.8 73.23630660772324
0.85 72.87761145830154
0.9 73.3103551864624
0.95 73.88780921697617
1.0 72.14371639490128
runtime
0.05 20.50147334098816
0.1 19.548847303390502
0.15 21.68718729019165
0.2 24.08581654548645
0.25 27.28860011100769
0.3 34.462995290756226
0.35 31.46265315055847
0.4 32.94576700210571
0.45 31.4211141872406
0.5 36.0532141828537
0.55 35.87769227027893
0.6 38.40493629932404
0.65 39.603990144729615
0.7 32.73229032039642
0.75 38.12765448093414
0.8 40.09352916240693
0.85 44.87634010314942
0.9 38.75982946395874
0.95 37.004096188545226
1.0 35.34940836429596
val_runtime
0.05 0.4560902643203735
0.1 0.4632646608352661
0.15 0.4578244352340698
0.2 0.4721061086654663
0.25 0.4632582187652588
0.3 0.463932204246521
0.35 0.4728875017166137
0.4 0.4720520162582397
0.45 0.486089129447937
0.5 0.4828016757965088
0.55 0.4830285978317261
0.6 0.4820247030258178
0.65 0.5080688524246216
0.7 0.5025324630737305
0.75 0.4927630710601807
0.8 0.4969466352462768
0.85 0.5037499475479126
0.9 0.4613389253616333
0.95 0.4732126426696777
1.0 0.4699870824813842
total_runtime
0.05 20.957563605308533
0.1 20.012111964225767
0.15 22.14501172542572
0.2 24.55792265415192
0.25 27.751858329772947
0.3 34.926927495002744
0.35 31.935540652275083
0.4 33.41781901836395
0.45 31.907203316688538
0.5 36.53601585865021
0.55 36.360720868110654
0.6 38.88696100234985
0.65 40.11205899715424
0.7 33.23482278347015
0.75 38.62041755199432
0.8 40.5904757976532
0.85 45.380090050697326
0.9 39.22116838932037
0.95 37.477308831214906
1.0 35.81939544677734
