%MobileNet
\addplot coordinates {
	(05, 83.66586565971375)
	(10, 88.7980763728802)
	(15, 92.42788507388188)
	(20, 94.07852567159212)
	(25, 97.64823684325586)
	(30, 96.11778809474065)
	(35, 99.12259670404288)
	(40, 98.6578528697674)
	(45, 95.6610565002148)
	(50, 98.12500064189618)
	(55, 99.4711541212522)
	(60, 97.29968034304105)
	(65, 98.07291672779964)
	(70, 98.22115485484784)
	(75, 98.31330180168152)
	(80, 98.47355714211096)
	(85, 98.77403836983902)
	(90, 99.46874976158142)
	(95, 98.60280804012132)
	(100, 99.2154948413372)
};
