%MobileNetV2
\addplot coordinates {
	(05, 69.86770838499069)
	(10, 70.67499995231628)
	(15, 75.84999918937683)
	(20, 85.92500030994415)
	(25, 76.26354157924652)
	(30, 85.84166765213013)
	(35, 84.38020944595337)
	(40, 89.99062418937683)
	(45, 75.22083342075348)
	(50, 90.52187502384186)
	(55, 89.13125038146973)
	(60, 89.28125083446503)
	(65, 88.86458396911621)
	(70, 94.64479148387908)
	(75, 94.2104160785675)
	(80, 89.26458299160004)
	(85, 86.43541693687439)
	(90, 88.8895833492279)
	(95, 92.71562457084656)
	(100, 94.10937547683716)
};
