%MobileNetV2
\addplot coordinates {
	(05, 76.61448001861572)
	(10, 75.69599211215973)
	(15, 81.09250068664551)
	(20, 90.85977971553802)
	(25, 80.7858157157898)
	(30, 90.80850064754486)
	(35, 88.97380888462067)
	(40, 93.66510689258575)
	(45, 79.71343219280243)
	(50, 93.85111451148988)
	(55, 93.7391996383667)
	(60, 93.9889669418335)
	(65, 92.28108406066896)
	(70, 96.37307345867156)
	(75, 96.48040771484376)
	(80, 92.7378225326538)
	(85, 89.70175683498383)
	(90, 92.56307780742644)
	(95, 96.02102041244508)
	(100, 97.70313382148744)
};
