%MobileNetV2
\addplot coordinates {
	(05, 70.40885418653488)
	(10, 70.89583277702332)
	(15, 76.06770813465118)
	(20, 85.55208265781403)
	(25, 76.45833432674408)
	(30, 86.19270920753479)
	(35, 83.81250023841858)
	(40, 90.13020813465118)
	(45, 75.77083349227905)
	(50, 90.71875035762788)
	(55, 88.96875023841858)
	(60, 89.08854126930237)
	(65, 88.5364580154419)
	(70, 94.34374988079072)
	(75, 94.1770839691162)
	(80, 89.10416603088379)
	(85, 86.85937523841858)
	(90, 89.03645932674408)
	(95, 92.52604186534882)
	(100, 94.18229222297668)
};
