%MobileNet
\addplot coordinates {
	(05, 83.6570551762214)
	(10, 88.62006618426396)
	(15, 92.31494665145874)
	(20, 93.95503722704372)
	(25, 97.67569762009842)
	(30, 96.037070109294)
	(35, 99.11660872972928)
	(40, 98.65362690045284)
	(45, 95.5402374267578)
	(50, 98.12707717602068)
	(55, 99.4826967899616)
	(60, 97.20424138582668)
	(65, 98.06525294597331)
	(70, 98.15969100365272)
	(75, 98.31944291408246)
	(80, 98.42793620549716)
	(85, 98.72070871866666)
	(90, 99.44243252277374)
	(95, 98.57852147973102)
	(100, 99.20235946774484)
};
