%MobileNet
\addplot coordinates {
	(05, 83.541667002898)
	(10, 88.58573711835422)
	(15, 92.35176352354196)
	(20, 93.88621816268336)
	(25, 97.64423095262968)
	(30, 95.9775644999284)
	(35, 99.11057719817528)
	(40, 98.60977530479433)
	(45, 95.74118485817542)
	(50, 98.08493485817542)
	(55, 99.49118586686942)
	(60, 97.10336648500882)
	(65, 98.03685958568866)
	(70, 98.17708363899816)
	(75, 98.32932628118076)
	(80, 98.40544829001794)
	(85, 98.6899041212522)
	(90, 99.453125)
	(95, 98.5756340234176)
	(100, 99.20572973787785)
};
