auc
0.05 89.56003499031067
0.1 96.54553771018982
0.15 96.3316388130188
0.2 97.9420496225357
0.25 99.53443014621736
0.3 99.257497549057
0.35 99.3959584236145
0.4 99.51070666313171
0.45 99.20379543304443
0.5 99.65458738803864
0.55 99.86300599575044
0.6 99.588498711586
0.65 99.50905430316924
0.7 99.69941198825836
0.75 99.88155114650726
0.8 99.72363579273224
0.85 99.81176805496216
0.9 99.92278587818146
0.95 99.94542419910432
1.0 99.91029620170592
val_auc
0.05 71.37086772918701
0.1 74.88060748577118
0.15 76.76037299633026
0.2 78.90103280544281
0.25 80.39582526683807
0.3 81.81507182121277
0.35 82.44867706298828
0.4 83.73395323753357
0.45 84.5003513097763
0.5 84.69607317447662
0.55 85.66659736633301
0.6 86.04134202003479
0.65 85.50690114498138
0.7 85.9760810136795
0.75 86.28170645236969
0.8 86.42447507381439
0.85 86.77832496166229
0.9 86.99055600166321
0.95 87.0036416053772
1.0 86.98218739032745
