%MobileNet
\addplot coordinates {
	(05, 83.73397405330951)
	(10, 88.6338146833273)
	(15, 92.27964786382822)
	(20, 93.99038415688736)
	(25, 97.70432710647584)
	(30, 96.08173095262968)
	(35, 99.1225962455456)
	(40, 98.6939100118784)
	(45, 95.42067280182472)
	(50, 98.16506413313058)
	(55, 99.47516047037564)
	(60, 97.27964859742386)
	(65, 98.09294847341684)
	(70, 98.14503284601064)
	(75, 98.3133022601788)
	(80, 98.44951904737032)
	(85, 98.74599392597491)
	(90, 99.43229258060455)
	(95, 98.58242765716884)
	(100, 99.19921904802322)
};
