%MobileNet
\addplot coordinates {
	(05, 83.58885875115027)
	(10, 88.6150470146766)
	(15, 92.35064524870651)
	(20, 93.9272234073052)
	(25, 97.64845875593332)
	(30, 95.99360869481012)
	(35, 99.11014391825748)
	(40, 98.61411360593942)
	(45, 95.68033539331876)
	(50, 98.08798203101526)
	(55, 99.49087775670566)
	(60, 97.13056454291711)
	(65, 98.03995214975797)
	(70, 98.17572006812463)
	(75, 98.32863761828496)
	(80, 98.40766604130084)
	(85, 98.69315670086787)
	(90, 99.4529104232788)
	(95, 98.57523311739382)
	(100, 99.2053396999836)
};
