%MobileNetV2
\addplot coordinates {
	(05, 70.12689232826233)
	(10, 70.5515331029892)
	(15, 75.73515355587006)
	(20, 85.76288342475891)
	(25, 76.16704642772675)
	(30, 85.91473162174225)
	(35, 84.27048563957214)
	(40, 89.95318472385406)
	(45, 75.20191431045532)
	(50, 90.574951171875)
	(55, 89.12009060382843)
	(60, 89.1314709186554)
	(65, 88.84716987609863)
	(70, 94.58565413951874)
	(75, 94.26887392997742)
	(80, 89.3532383441925)
	(85, 86.55581712722778)
	(90, 88.94102454185486)
	(95, 92.80838310718536)
	(100, 94.17516827583312)
};
