%ResNet50
\addplot coordinates {
	(05, 64.89324820669073)
	(10, 67.28179611657795)
	(15, 68.51525996860704)
	(20, 71.09202177901017)
	(25, 67.51287705019901)
	(30, 70.6504225730896)
	(35, 75.46404317805641)
	(40, 73.24986991129423)
	(45, 81.91902323773033)
	(50, 86.57433045537847)
	(55, 79.7361057055624)
	(60, 85.09072630028976)
	(65, 80.10120485958299)
	(70, 85.06128411543997)
	(75, 79.10281074674505)
	(80, 79.55605168091623)
	(85, 78.52110643135873)
	(90, 78.61547658317967)
	(95, 79.74554488533421)
	(100, 81.13862558415062)
};
