%ResNet50V2
\addplot coordinates {
	(05, 77.94189035892487)
	(10, 86.21582587560019)
	(15, 92.2645103931427)
	(20, 93.69425117969512)
	(25, 96.45877182483672)
	(30, 98.8548594713211)
	(35, 98.97203266620636)
	(40, 99.47245597839355)
	(45, 99.62519645690918)
	(50, 99.49875473976137)
	(55, 99.7434002161026)
	(60, 99.79659736156464)
	(65, 99.83629643917084)
	(70, 99.70803201198578)
	(75, 99.04831886291504)
	(80, 99.90730106830596)
	(85, 99.59604799747468)
	(90, 99.3199235200882)
	(95, 99.7848892211914)
	(100, 99.84387159347534)
};
