%ResNet152V2
\addplot coordinates {
	(05, 69.94233621018273)
	(10, 77.97395884990692)
	(15, 83.22916686534882)
	(20, 92.38541662693024)
	(25, 93.1354171037674)
	(30, 96.03125035762788)
	(35, 95.9739589691162)
	(40, 96.71354174613953)
	(45, 96.78645849227904)
	(50, 95.77083349227904)
	(55, 97.75000095367432)
	(60, 98.74479115009308)
	(65, 99.296875)
	(70, 98.00520837306976)
	(75, 98.35416674613953)
	(80, 98.85416746139526)
	(85, 98.66145849227904)
	(90, 98.59375)
	(95, 98.40277830759683)
	(100, 98.13020884990692)
};
