val_accuracy_mean
0.05 54.17499995231629
0.1 54.52083325386048
0.15 57.16666626930237
0.2 57.454166650772095
0.25 56.924999833107
0.3 57.25000011920929
0.35 58.72083353996277
0.4 58.09999990463257
0.45 59.93333327770232
0.5 61.08333361148834
0.55 61.90416657924652
0.6 60.4958336353302
0.65 60.15000009536743
0.7 62.32500004768372
0.75 60.57083320617676
0.8 57.62500011920929
0.85 60.012500166893
0.9 59.58749997615814
0.95 61.94999992847443
1.0 60.48333370685577
val_precision_mean
0.05 53.055925846099846
0.1 52.02323257923126
0.15 55.38531649112701
0.2 55.98354995250702
0.25 55.96298635005951
0.3 54.72100806236268
0.35 58.92263782024384
0.4 57.591668546199806
0.45 56.64691603183747
0.5 58.59180533885956
0.55 61.66709184646606
0.6 57.47448348999024
0.65 58.89196872711182
0.7 62.791537165641785
0.75 60.81946724653244
0.8 55.94832897186279
0.85 60.043338775634766
0.9 58.32340335845947
0.95 59.50319981575012
1.0 58.38856607675552
val_sensitivity_mean
0.05 51.716666802763946
0.1 57.71249974519015
0.15 54.83750000596046
0.2 53.6833334453404
0.25 57.04583346843719
0.3 56.8916669357568
0.35 59.11250019073486
0.4 58.32500021159649
0.45 59.12500013411045
0.5 61.93333345651627
0.55 58.700000166893005
0.6 61.77083337306976
0.65 55.61666698753833
0.7 58.34583322331309
0.75 63.2750001847744
0.8 55.6000000089407
0.85 58.02083326876164
0.9 61.23333352804185
0.95 59.03333340585232
1.0 60.658333603758365
val_specificity_mean
0.05 54.69999995175749
0.1 49.90416667610407
0.15 56.6833331361413
0.2 58.23333317041397
0.25 55.77916648425162
0.3 56.279166638851166
0.35 56.55416646599769
0.4 56.16666665673256
0.45 58.654166758060455
0.5 59.083333330228925
0.55 64.72499996423721
0.6 57.76666703820229
0.65 63.32500017108396
0.7 64.62916642427444
0.75 56.51666678488254
0.8 59.13750037550927
0.85 60.62083373963832
0.9 57.258333504199975
0.95 62.858333386480815
1.0 58.62916675023735
val_f1_score_mean
0.05 47.35579863190651
0.1 52.24157283455133
0.15 51.50155276060104
0.2 50.22842919826508
0.25 55.51563620567321
0.3 53.22069599106908
0.35 57.19979983568192
0.4 55.76852104067802
0.45 55.618082329630845
0.5 59.10504484176635
0.55 59.25768768787384
0.6 58.97842442989349
0.65 55.63858273625374
0.7 59.1680147126317
0.75 60.08833654224872
0.8 54.81378161907195
0.85 56.74949787557125
0.9 59.161643743515015
0.95 58.26561856269837
1.0 58.37852975446731
val_auc_mean
0.05 56.58923614025117
0.1 56.95148813724518
0.15 60.3854639530182
0.2 61.15660560131073
0.25 59.89414924383163
0.3 60.82338571548463
0.35 62.48240411281586
0.4 61.47385412454605
0.45 63.01010805368424
0.5 65.5255378484726
0.55 66.68795567750931
0.6 64.16733407974243
0.65 64.2425776720047
0.7 66.3771191239357
0.75 64.27350753545761
0.8 62.00625467300414
0.85 65.10365974903107
0.9 63.729222774505615
0.95 66.4278211593628
1.0 65.96833789348602
runtime
0.05 103.26710745334626
0.1 93.88154249191284
0.15 117.39355043411256
0.2 122.32827488422394
0.25 123.06213311195374
0.3 118.0612106180191
0.35 133.9126329755783
0.4 121.39442162990572
0.45 122.36255351066588
0.5 134.38859023094176
0.55 148.69727821350097
0.6 124.8230454492569
0.65 126.10443236351011
0.7 137.3377486848831
0.75 140.56379667282104
0.8 132.4512203025818
0.85 142.61587309360505
0.9 121.0642938184738
0.95 147.9518808746338
1.0 122.58558326244356
val_runtime
0.05 2.1162332248687745
0.1 2.0832350730895994
0.15 2.1533175897598267
0.2 2.1910974836349486
0.25 2.273307547569275
0.3 2.3521381998062134
0.35 2.3503730869293213
0.4 2.446015248298645
0.45 2.3637009763717653
0.5 2.4595113945007325
0.55 2.647693886756897
0.6 2.5594171142578124
0.65 2.8320240116119386
0.7 2.7227719831466675
0.75 2.837795448303223
0.8 3.393902463912964
0.85 3.152882580757141
0.9 2.3356638288497926
0.95 2.265524091720581
1.0 2.1494018983840943
total_runtime
0.05 105.38334067821503
0.1 95.96477756500244
0.15 119.54686802387238
0.2 124.51937236785888
0.25 125.33544065952302
0.3 120.41334881782532
0.35 136.26300606250763
0.4 123.84043687820436
0.45 124.72625448703764
0.5 136.8481016254425
0.55 151.34497210025785
0.6 127.38246256351472
0.65 128.93645637512208
0.7 140.06052066802977
0.75 143.40159212112425
0.8 135.84512276649474
0.85 145.76875567436218
0.9 123.3999576473236
0.95 150.21740496635437
1.0 124.73498516082763
