%ResNet50
\addplot coordinates {
	(05, 68.8600900926088)
	(10, 72.74398270406222)
	(15, 73.56075393526179)
	(20, 77.20137552211159)
	(25, 71.71818363039118)
	(30, 76.64699083880375)
	(35, 81.6333372341959)
	(40, 79.90566931272808)
	(45, 88.69833601148504)
	(50, 92.67667814304954)
	(55, 85.942605608388)
	(60, 91.1519988587028)
	(65, 85.91383287781163)
	(70, 90.6557986610814)
	(75, 85.05183301473919)
	(80, 85.19943136917917)
	(85, 84.56324464396427)
	(90, 83.66325246660334)
	(95, 84.8010125913118)
	(100, 86.40992641448975)
};
