%ResNet152V2
\addplot coordinates {
	(05, 76.62231432540077)
	(10, 84.451425075531)
	(15, 89.30584013462067)
	(20, 96.14701271057127)
	(25, 96.534925699234)
	(30, 98.51480782032012)
	(35, 98.66117656230928)
	(40, 98.84895205497742)
	(45, 99.11223590373991)
	(50, 98.7571346759796)
	(55, 99.44042205810548)
	(60, 99.78875935077669)
	(65, 99.85520005226137)
	(70, 99.61492836475372)
	(75, 99.59388613700868)
	(80, 99.75534737110138)
	(85, 99.78371262550354)
	(90, 99.79592084884644)
	(95, 99.68132575352988)
	(100, 99.63173687458038)
};
