val_accuracy_mean
0.05 53.33333331711438
0.1 53.839285762942566
0.15 55.25510225977216
0.2 56.31377587513048
0.25 53.68622444113906
0.3 55.56547629589937
0.35 56.33928556831516
0.4 59.944727834390136
0.45 59.55357125827244
0.5 63.660714334371136
0.55 62.07482997252016
0.6 62.86989766724256
0.65 65.02551071497858
0.7 62.52976169391554
0.75 64.77465970175606
0.8 64.22619077624107
0.85 64.76190479434266
0.9 64.04336763887989
0.95 63.22278915619364
1.0 65.67176908862834
val_precision_mean
0.05 49.90014689309256
0.1 52.60208614018499
0.15 54.75338563627127
0.2 53.65130159319664
0.25 51.349951174794406
0.3 54.32926477218161
0.35 54.76086601919058
0.4 57.75522273413989
0.45 58.64756983153674
0.5 60.84725735138874
0.55 61.71569319403901
0.6 61.99718166370781
0.65 64.05706502953355
0.7 59.61439208108552
0.75 64.8752004516368
0.8 63.27105322662665
0.85 61.38832654271808
0.9 64.65008587253337
0.95 63.0509440996209
1.0 63.32039078887628
val_sensitivity_mean
0.05 52.15136055663532
0.1 57.46598639050309
0.15 53.69047628981727
0.2 57.43622463576648
0.25 57.95068029238253
0.3 56.10969386358118
0.35 55.22959183673469
0.4 58.745748123952325
0.45 59.16666645670728
0.5 65.28911572329852
0.55 66.39030654819645
0.6 62.63180265621264
0.65 64.33673488850496
0.7 64.00935370094922
0.75 64.78741471370569
0.8 63.33333302517327
0.85 60.9268711442698
0.9 63.881802924775656
0.95 60.48044160920747
1.0 64.02636051786189
val_specificity_mean
0.05 54.051870533398215
0.1 49.43877549803987
0.15 54.919217749289714
0.2 54.009353804725166
0.25 48.40561242736116
0.3 53.79251737375649
0.35 55.53996616176197
0.4 59.92772114672222
0.45 57.40221057619367
0.5 60.467687036309925
0.55 57.312925311983854
0.6 62.87840112131469
0.65 65.13605458395821
0.7 59.71088425389358
0.75 63.278060999451846
0.8 64.84268731912788
0.85 65.701530831961
0.9 61.98979531015668
0.95 64.48979572373995
1.0 65.44642877213809
val_f1_score_mean
0.05 49.43508172825892
0.1 54.10760312664266
0.15 52.27195812123162
0.2 54.8963759626661
0.25 53.07651119572776
0.3 52.92779422859301
0.35 52.929730074746274
0.4 56.25515382508842
0.45 56.94642289712721
0.5 62.15718376393221
0.55 63.20691692585848
0.6 61.98047995567322
0.65 63.76927093583711
0.7 60.96398301270544
0.75 63.0897607388241
0.8 62.858648081215065
0.85 59.1251889243722
0.9 61.27179153453635
0.95 59.472572377749856
1.0 62.53126665037505
val_auc_mean
0.05 54.78948306064216
0.1 55.1586676617058
0.15 57.58637986621078
0.2 58.48291309512391
0.25 54.838387151153725
0.3 57.93789917108963
0.35 58.37862698399291
0.4 63.12796716787376
0.45 63.19217292629943
0.5 68.24491474093223
0.55 66.20917399318851
0.6 67.60427179385205
0.65 70.13944350943274
0.7 67.32639810260461
0.75 69.87050467607926
0.8 70.48930081785942
0.85 70.26324649246372
0.9 68.50547419518841
0.95 67.9051822545577
1.0 71.06718992700382
runtime
0.05 70.67920740283266
0.1 68.23863909682449
0.15 69.80133466331326
0.2 77.61341427297009
0.25 65.76839212495453
0.3 74.15392324875812
0.35 73.88404578092147
0.4 96.6034326504688
0.45 87.17442075573668
0.5 97.07954581416384
0.55 96.81490326414304
0.6 114.52851284766685
0.65 113.01419900388134
0.7 106.38939587437376
0.75 104.35228659668748
0.8 108.77440140198688
0.85 98.9562386687921
0.9 101.9655143922689
0.95 98.52359398530454
1.0 96.00911766169024
val_runtime
0.05 1.4063900976764911
0.1 1.4023123663298938
0.15 1.4715496277322575
0.2 1.430153666710367
0.25 1.4442165822398907
0.3 1.4535214268431371
0.35 1.474672118011786
0.4 1.6106374361077134
0.45 1.5303294561347185
0.5 1.5382171163753586
0.55 1.580632817988493
0.6 1.5953531751827317
0.65 1.817182983670916
0.7 1.6715133676723557
0.75 1.7135412595709976
0.8 1.7265700661406225
0.85 1.6272923946380615
0.9 1.5421680090378742
0.95 1.5866698342926648
1.0 1.6007325357320357
total_runtime
0.05 72.08559750050915
0.1 69.64095146315438
0.15 71.27288429104551
0.2 79.04356793968046
0.25 67.21260870719442
0.3 75.60744467560126
0.35 75.35871789893325
0.4 98.2140700865765
0.45 88.7047502118714
0.5 98.6177629305392
0.55 98.39553608213151
0.6 116.12386602284955
0.65 114.83138198755226
0.7 108.06090924204612
0.75 106.06582785625848
0.8 110.5009714681275
0.85 100.58353106343016
0.9 103.50768240130678
0.95 100.1102638195972
1.0 97.60985019742226
