auc
0.05 77.93182826042175
0.1 84.83157992362976
0.15 90.64531219005583
0.2 95.3604519367218
0.25 97.22472417354584
0.3 97.65363097190856
0.35 99.13924008607864
0.4 98.78980469703674
0.45 99.3119113445282
0.5 99.48194074630736
0.55 99.28372883796692
0.6 99.52289307117462
0.65 99.62023341655733
0.7 99.43870413303377
0.75 99.88069200515748
0.8 99.54693841934204
0.85 99.82583045959473
0.9 99.8499470949173
0.95 99.90324819087982
1.0 99.8410165309906
val_auc
0.05 70.36979556083679
0.1 72.43626725673676
0.15 75.49866843223572
0.2 78.35315573215485
0.25 80.75844609737396
0.3 81.52451646327972
0.35 84.34482634067535
0.4 84.87789952754974
0.45 85.28295063972473
0.5 85.8224630355835
0.55 86.00108098983765
0.6 87.384960770607
0.65 87.7157371044159
0.7 88.01945579051971
0.75 88.41793441772461
0.8 88.67730557918549
0.85 89.01718842983246
0.9 89.61457979679108
0.95 89.77518606185913
1.0 90.05717384815216
