%ResNet50V2
\addplot coordinates {
	(05, 70.84966619809468)
	(10, 79.14972802003226)
	(15, 88.15157234668732)
	(20, 89.66318786144257)
	(25, 93.86682331562042)
	(30, 96.5732568502426)
	(35, 96.4344471693039)
	(40, 97.4439823627472)
	(45, 98.34604620933531)
	(50, 98.22353184223176)
	(55, 98.50861430168152)
	(60, 98.3785092830658)
	(65, 98.77811193466188)
	(70, 98.52928817272186)
	(75, 97.40410208702087)
	(80, 99.17432487010956)
	(85, 98.38927209377287)
	(90, 97.5538021326065)
	(95, 98.59194904565813)
	(100, 98.8326781988144)
};
