%ResNet101V2
\addplot coordinates {
	(05, 72.39062428474426)
	(10, 77.45312511920929)
	(15, 89.81770753860474)
	(20, 90.390625)
	(25, 93.91145884990692)
	(30, 97.7812486886978)
	(35, 93.02604258060455)
	(40, 93.78124952316284)
	(45, 98.96874904632568)
	(50, 98.48958253860474)
	(55, 96.14583373069765)
	(60, 99.22916650772096)
	(65, 97.33854174613953)
	(70, 99.06249940395357)
	(75, 99.453125)
	(80, 97.45312511920928)
	(85, 99.39062476158142)
	(90, 99.18229222297668)
	(95, 99.49479281902312)
	(100, 99.14583325386047)
};
