%ResNet50
\addplot coordinates {
	(05, 64.24186857123124)
	(10, 66.99191771055523)
	(15, 68.02037326913131)
	(20, 70.98800916420785)
	(25, 66.72882720043785)
	(30, 70.50004915187233)
	(35, 75.13477394455357)
	(40, 73.19037757421795)
	(45, 81.98741047005905)
	(50, 86.59006482676456)
	(55, 79.6577086574153)
	(60, 85.24248662747836)
	(65, 80.12593827749554)
	(70, 85.00928847413314)
	(75, 79.23638946131656)
	(80, 79.53148986163893)
	(85, 78.43182118315445)
	(90, 78.19264562506424)
	(95, 79.33114578849391)
	(100, 80.8909064845035)
};
