%ResNet101
\addplot coordinates {
	(05, 61.80244276398107)
	(10, 62.97374304972196)
	(15, 63.10267887617413)
	(20, 65.214971492165)
	(25, 60.01148725810804)
	(30, 61.86378880550987)
	(35, 62.76009239648518)
	(40, 65.47837131901791)
	(45, 68.43470711457101)
	(50, 73.90984735990826)
	(55, 69.05410760327389)
	(60, 74.8485427153738)
	(65, 74.39651708853873)
	(70, 73.65988587078294)
	(75, 75.38199989419235)
	(80, 77.66881679233751)
	(85, 75.70189833641052)
	(90, 74.75474539556002)
	(95, 73.28698572359586)
	(100, 75.1807197144157)
};
