%ResNet101
\addplot coordinates {
	(05, 62.38875514582583)
	(10, 63.29899618500158)
	(15, 63.7843812766828)
	(20, 65.15368944720218)
	(25, 60.80704833331861)
	(30, 62.42723841416208)
	(35, 63.1621285488731)
	(40, 65.69875196406716)
	(45, 68.67864853457401)
	(50, 73.70051678858304)
	(55, 68.92612011809098)
	(60, 74.80248808860779)
	(65, 74.3491674724378)
	(70, 73.77590286104304)
	(75, 75.29349546683463)
	(80, 77.7360178922352)
	(85, 75.65375691966007)
	(90, 74.87423953257108)
	(95, 72.96367695457057)
	(100, 75.1140362338016)
};
