%ResNet50
\addplot coordinates {
	(05, 64.17214933194613)
	(10, 66.9906801299045)
	(15, 67.99835531335128)
	(20, 70.82346583667555)
	(25, 66.83717087695473)
	(30, 70.52302674243325)
	(35, 75.14089910607589)
	(40, 73.23410103195592)
	(45, 81.89364012918973)
	(50, 86.5707234332436)
	(55, 79.61513117740029)
	(60, 85.2483548616108)
	(65, 80.08717141653362)
	(70, 85.00932015870747)
	(75, 79.10416628185072)
	(80, 79.52960447261208)
	(85, 78.42543878053364)
	(90, 78.32072377204895)
	(95, 79.38761020961562)
	(100, 80.86513124014202)
};
