%ResNet50
\addplot coordinates {
	(05, 65.09046052631578)
	(10, 67.4150222226193)
	(15, 68.60471493319461)
	(20, 71.20614083189713)
	(25, 67.55756578947368)
	(30, 70.75109732778448)
	(35, 75.5564692773317)
	(40, 73.55263107701352)
	(45, 81.96820177529987)
	(50, 86.60087710932682)
	(55, 80.02741242709914)
	(60, 85.09868383407593)
	(65, 80.28508738467568)
	(70, 85.22203941094247)
	(75, 79.33114014173809)
	(80, 79.75603059718483)
	(85, 78.74725868827419)
	(90, 78.84868446149325)
	(95, 80.00548230974299)
	(100, 81.34320252820065)
};
