%ResNet101V2
\addplot coordinates {
	(05, 72.3123049736023)
	(10, 77.25901782512665)
	(15, 89.747314453125)
	(20, 90.40781438350676)
	(25, 93.83258879184724)
	(30, 97.78547525405884)
	(35, 92.95671820640564)
	(40, 93.69888842105864)
	(45, 98.98329734802246)
	(50, 98.51585984230042)
	(55, 96.16202294826508)
	(60, 99.23169493675232)
	(65, 97.30840802192688)
	(70, 99.08441543579102)
	(75, 99.45046424865724)
	(80, 97.45982587337494)
	(85, 99.38528418540956)
	(90, 99.18148577213287)
	(95, 99.50581967830658)
	(100, 99.1351306438446)
};
