auc
0.05 78.18117010593414
0.1 83.58214008808136
0.15 91.03852021694183
0.2 95.0501058101654
0.25 97.10542905330658
0.3 98.20961117744446
0.35 98.56466484069824
0.4 99.28743004798888
0.45 99.21607279777528
0.5 99.04478073120116
0.55 99.642392039299
0.6 99.4915964603424
0.65 99.61742782592772
0.7 99.68788623809814
0.75 99.5240558385849
0.8 99.7377634048462
0.85 99.84862017631532
0.9 99.82375705242156
0.95 99.80968308448792
1.0 99.74882125854492
val_auc
0.05 69.73368084430695
0.1 72.11927533149719
0.15 75.89689517021179
0.2 78.63597679138184
0.25 81.13933157920837
0.3 82.68463551998138
0.35 83.6815721988678
0.4 85.22249472141266
0.45 85.72581160068512
0.5 85.39683592319489
0.55 86.84858536720276
0.6 87.66153168678284
0.65 87.67370188236237
0.7 88.31479227542877
0.75 88.4963675737381
0.8 88.80162370204926
0.85 89.21756076812744
0.9 89.65661120414734
0.95 89.69320261478424
1.0 89.92401885986328
