%ResNet152V2
\addplot coordinates {
	(05, 69.88281203167779)
	(10, 78.046875)
	(15, 83.37499976158142)
	(20, 92.3229169845581)
	(25, 93.06250035762788)
	(30, 96.06770932674408)
	(35, 95.89062571525574)
	(40, 96.71874940395357)
	(45, 96.79166674613953)
	(50, 95.73958277702332)
	(55, 97.72916674613953)
	(60, 98.68749916553496)
	(65, 99.26562547683716)
	(70, 98.02604138851166)
	(75, 98.32812488079072)
	(80, 98.85937511920928)
	(85, 98.6614590883255)
	(90, 98.56770813465118)
	(95, 98.43402862548828)
	(100, 98.17708373069765)
};
