auc
0.05 80.09901690483093
0.1 85.89501643180847
0.15 93.76029920578004
0.2 94.85189950466156
0.25 97.62204468250276
0.3 98.06711423397064
0.35 98.11157047748566
0.4 99.14487612247468
0.45 99.47326290607452
0.5 99.72902619838716
0.55 99.68723094463348
0.6 99.694518327713
0.65 99.70119059085846
0.7 99.64782619476318
0.75 99.69660151004793
0.8 99.85724925994872
0.85 99.84236657619476
0.9 99.70490849018096
0.95 99.88703835010529
1.0 99.76667177677156
val_auc
0.05 69.69416654109955
0.1 70.778923869133
0.15 73.81052589416504
0.2 75.31121385097504
0.25 76.62402391433716
0.3 78.89520847797394
0.35 80.21321141719818
0.4 81.96042847633362
0.45 82.87868928909302
0.5 84.38590621948242
0.55 85.04311716556549
0.6 85.21344947814941
0.65 86.02112412452698
0.7 85.60439240932465
0.75 86.21759498119354
0.8 87.11096262931824
0.85 86.32553911209106
0.9 86.98229253292084
0.95 88.09286105632782
1.0 88.22832989692688
