%ResNet50V2
\addplot coordinates {
	(05, 71.00868066151936)
	(10, 79.22309041023254)
	(15, 88.20833444595337)
	(20, 89.765625)
	(25, 93.93749952316284)
	(30, 96.59374952316284)
	(35, 96.45833373069765)
	(40, 97.3906260728836)
	(45, 98.35937559604643)
	(50, 98.26041758060455)
	(55, 98.5260421037674)
	(60, 98.359375)
	(65, 98.79687488079072)
	(70, 98.55208277702332)
	(75, 97.48437464237212)
	(80, 99.17187511920928)
	(85, 98.40104222297668)
	(90, 97.578125)
	(95, 98.60677123069765)
	(100, 98.83333384990692)
};
