%ResNet50V2
\addplot coordinates {
	(05, 70.69791674613953)
	(10, 79.28385436534882)
	(15, 88.22916746139526)
	(20, 89.73437488079071)
	(25, 93.8489580154419)
	(30, 96.63020730018616)
	(35, 96.44791722297668)
	(40, 97.41145849227904)
	(45, 98.36458265781404)
	(50, 98.17708373069765)
	(55, 98.54687511920928)
	(60, 98.38541686534882)
	(65, 98.78645777702332)
	(70, 98.52083206176758)
	(75, 97.40104138851166)
	(80, 99.17708337306976)
	(85, 98.32812547683716)
	(90, 97.55729138851166)
	(95, 98.59375029802322)
	(100, 98.83333325386047)
};
