%ResNet50
\addplot coordinates {
	(05, 64.85471505867807)
	(10, 67.44791708494488)
	(15, 68.519736904847)
	(20, 71.28015317414936)
	(25, 67.3464906843085)
	(30, 70.66063567211754)
	(35, 75.47149156269273)
	(40, 73.22368433600978)
	(45, 81.9627190891065)
	(50, 86.59813655050176)
	(55, 79.82456150807833)
	(60, 85.1041665202693)
	(65, 80.15350856279072)
	(70, 85.08497727544683)
	(75, 79.05153506680539)
	(80, 79.47094252235011)
	(85, 78.53070152433294)
	(90, 78.44572380969399)
	(95, 79.72039486232558)
	(100, 81.20888157894737)
};
