%ResNet152V2
\addplot coordinates {
	(05, 69.99628011669431)
	(10, 78.05208384990692)
	(15, 83.37499916553497)
	(20, 92.44791686534882)
	(25, 93.08854281902312)
	(30, 96.05208337306976)
	(35, 95.9375)
	(40, 96.7291671037674)
	(45, 96.80208325386047)
	(50, 95.76041758060455)
	(55, 97.76041686534882)
	(60, 98.7031239271164)
	(65, 99.29166674613953)
	(70, 98.01562488079072)
	(75, 98.32812488079072)
	(80, 98.83333444595335)
	(85, 98.65104258060455)
	(90, 98.60416650772096)
	(95, 98.44097216924033)
	(100, 98.17187547683716)
};
