%ResNet101
\addplot coordinates {
	(05, 65.87768761735214)
	(10, 67.33307712956478)
	(15, 67.2738043885482)
	(20, 71.00033948295994)
	(25, 62.85746128935563)
	(30, 65.26249396173579)
	(35, 66.76477099719801)
	(40, 69.9997974069495)
	(45, 74.06538442561501)
	(50, 80.88179952219913)
	(55, 74.80881778817428)
	(60, 81.84538389507094)
	(65, 81.55976000585055)
	(70, 80.07729680914628)
	(75, 82.1575381253895)
	(80, 84.63993637185348)
	(85, 82.1485858214529)
	(90, 81.1933812342192)
	(95, 79.16888343660456)
	(100, 81.40602268670735)
};
