%ResNet101V2
\addplot coordinates {
	(05, 72.29687511920929)
	(10, 77.16145813465118)
	(15, 89.72916662693024)
	(20, 90.42187511920928)
	(25, 93.78125071525574)
	(30, 97.7916669845581)
	(35, 92.90625035762788)
	(40, 93.64583432674408)
	(45, 98.99479031562804)
	(50, 98.5364580154419)
	(55, 96.17708265781404)
	(60, 99.23437535762788)
	(65, 97.28645741939545)
	(70, 99.1041660308838)
	(75, 99.44791615009308)
	(80, 97.46875047683716)
	(85, 99.38020884990692)
	(90, 99.18229162693024)
	(95, 99.51562583446504)
	(100, 99.12500023841858)
};
