%ResNet101V2
\addplot coordinates {
	(05, 72.34298765659332)
	(10, 77.3765355348587)
	(15, 89.78246510028839)
	(20, 90.39768397808076)
	(25, 93.89338791370392)
	(30, 97.78307735919952)
	(35, 93.01677763462068)
	(40, 93.7568861246109)
	(45, 98.96947860717772)
	(50, 98.49357843399048)
	(55, 96.14944338798524)
	(60, 99.228755235672)
	(65, 97.33242988586426)
	(70, 99.06338512897491)
	(75, 99.45328414440156)
	(80, 97.45265781879424)
	(85, 99.3901938199997)
	(90, 99.1829478740692)
	(95, 99.49518978595734)
	(100, 99.1450172662735)
};
