%ResNet152V2
\addplot coordinates {
	(05, 69.89856277193341)
	(10, 77.99053192138672)
	(15, 83.27342510223389)
	(20, 92.3622578382492)
	(25, 93.1052541732788)
	(30, 96.04507982730864)
	(35, 95.93720853328703)
	(40, 96.7185378074646)
	(45, 96.78781390190125)
	(50, 95.75333535671234)
	(55, 97.73977875709534)
	(60, 98.71652901172638)
	(65, 99.2823612689972)
	(70, 98.01380574703217)
	(75, 98.34310173988342)
	(80, 98.8565331697464)
	(85, 98.66106450557707)
	(90, 98.58121693134308)
	(95, 98.41793815294902)
	(100, 98.15248548984528)
};
