%ResNet101V2
\addplot coordinates {
	(05, 72.47916579246521)
	(10, 77.36979186534882)
	(15, 89.78125035762787)
	(20, 90.41666686534882)
	(25, 93.95833373069765)
	(30, 97.79687523841858)
	(35, 92.99479186534882)
	(40, 93.70833337306976)
	(45, 99.01041626930235)
	(50, 98.52083325386047)
	(55, 96.20312571525574)
	(60, 99.23437476158142)
	(65, 97.4010407924652)
	(70, 99.06770825386047)
	(75, 99.43749964237212)
	(80, 97.45312511920928)
	(85, 99.40104186534882)
	(90, 99.19270873069765)
	(95, 99.52604234218596)
	(100, 99.15625035762788)
};
