val_accuracy_mean
0.05 56.819727834390136
0.1 57.59778910753678
0.15 59.16241529036541
0.2 60.88860509346943
0.25 60.39540828490744
0.3 60.88435394423348
0.35 62.00255106906501
0.4 63.567176886967246
0.45 66.38605436500238
0.5 69.01785743479826
0.55 66.45833339009967
0.6 67.3086733234172
0.65 64.8086731531182
0.7 67.2704078713242
0.75 64.28996567823448
0.8 66.55612235166588
0.85 62.85714288147128
0.9 63.13350358787848
0.95 62.01955797720928
1.0 64.68112225435219
val_precision_mean
0.05 55.503341859700726
0.1 56.90895647418742
0.15 56.073328548548176
0.2 59.69363122570272
0.25 58.66726673379237
0.3 60.54646555258303
0.35 58.41573099700772
0.4 61.36005532984831
0.45 66.73261425933059
0.5 69.25516116375826
0.55 64.54034240878357
0.6 67.26209338830442
0.65 63.74264468952101
0.7 68.3318914199362
0.75 64.50335614535273
0.8 67.12553063217474
0.85 61.91516895683444
0.9 62.82127463087743
0.95 61.996449864640525
1.0 65.54043889045715
val_sensitivity_mean
0.05 55.73979614644634
0.1 57.50425153849076
0.15 57.54676880885143
0.2 58.01870739277528
0.25 56.68792506081185
0.3 62.31717698428096
0.35 63.38435368878501
0.4 62.76360528201474
0.45 64.82142842545801
0.5 69.13265293958236
0.55 64.24744877280021
0.6 67.29166668136509
0.65 62.74234678368179
0.7 65.00425138463247
0.75 62.108843371614206
0.8 64.78316339911247
0.85 66.64965967742764
0.9 63.12499964723781
0.95 64.97449011218791
1.0 66.16921767934548
val_specificity_mean
0.05 56.73469399311104
0.1 55.9736392788627
0.15 59.98724492228761
0.2 62.572278964276215
0.25 63.630952518813466
0.3 58.8095238622354
0.35 59.55357149395408
0.4 62.712585160090605
0.45 67.43622434382536
0.5 68.37585039284765
0.55 67.60629289308373
0.6 66.0629251781775
0.65 65.95238094427147
0.7 67.61904752680233
0.75 65.06802748356547
0.8 67.15561248818223
0.85 57.57653064911767
0.9 62.21938765778834
0.95 58.52040843515448
1.0 61.75595217821549
val_f1_score_mean
0.05 53.55978773868814
0.1 55.48441698964761
0.15 56.13603518933667
0.2 57.16069821192293
0.25 55.84696692186503
0.3 60.95359653842692
0.35 59.897441888342094
0.4 60.60107563223157
0.45 65.454522079351
0.5 68.6402375600776
0.55 63.7341749303195
0.6 65.71372905556036
0.65 61.300749772665455
0.7 64.78755184905414
0.75 62.06097571863508
0.8 64.97912111939216
0.85 63.55684290126879
0.9 62.43329863159024
0.95 62.65033155071493
1.0 63.71686790442589
val_auc_mean
0.05 59.71211924844858
0.1 60.35025253587839
0.15 62.8523376523232
0.2 64.48662889247038
0.25 64.62344125825533
0.3 65.14694496076933
0.35 66.90050095927958
0.4 68.51205059460231
0.45 71.60192995655294
0.5 75.16894778426813
0.55 71.99819258281163
0.6 73.2947898154356
0.65 69.9060936363376
0.7 72.60837871201184
0.75 69.41670252352344
0.8 71.6171606462829
0.85 67.54492156359613
0.9 67.70086185056337
0.95 67.26605466433934
1.0 70.2957821743829
runtime
0.05 46.52616618117508
0.1 44.80757552263688
0.15 50.46326901474777
0.2 52.3620917991716
0.25 55.94026225440357
0.3 51.56132474237559
0.35 50.24878556387765
0.4 52.73624485852767
0.45 61.757517658934304
0.5 71.10282086352913
0.55 54.36610453469413
0.6 66.42675854721848
0.65 52.46660341535296
0.7 62.89755996392698
0.75 52.52041949058066
0.8 59.42604658068443
0.85 53.85780603545053
0.9 48.63356606327758
0.95 48.167952863537536
1.0 53.500701763192005
val_runtime
0.05 0.7080942854589346
0.1 0.6930689179167455
0.15 0.6766372018930863
0.2 0.6947896334589744
0.25 0.7058349239582918
0.3 0.6970344757547184
0.35 0.6868318489619664
0.4 0.6867892498872719
0.45 0.6940631087945432
0.5 0.7084514462217992
0.55 0.6959213091402637
0.6 0.7084741349122963
0.65 0.6904792639673972
0.7 0.6949160536941217
0.75 0.6909883265592613
0.8 0.6854193940454599
0.85 0.6927159757030253
0.9 0.6989070104092968
0.95 0.7007115665747194
1.0 0.6896566274214764
total_runtime
0.05 47.23426046663401
0.1 45.50064444055363
0.15 51.13990621664086
0.2 53.056881432630576
0.25 56.646097178361856
0.3 52.25835921813031
0.35 50.93561741283962
0.4 53.42303410841494
0.45 62.45158076772885
0.5 71.81127230975093
0.55 55.062025843834384
0.6 67.13523268213078
0.65 53.157082679320354
0.7 63.5924760176211
0.75 53.21140781713992
0.8 60.11146597472989
0.85 54.550522011153554
0.9 49.33247307368688
0.95 48.868664430112254
1.0 54.19035839061348
