%ResNet50V2
\addplot coordinates {
	(05, 70.95312476158142)
	(10, 79.10590171813965)
	(15, 88.13020884990692)
	(20, 89.64583277702332)
	(25, 93.87499988079072)
	(30, 96.52604222297668)
	(35, 96.42187535762788)
	(40, 97.4687510728836)
	(45, 98.32812428474426)
	(50, 98.26041758060455)
	(55, 98.47395837306976)
	(60, 98.3697921037674)
	(65, 98.7708330154419)
	(70, 98.5364580154419)
	(75, 97.40104138851166)
	(80, 99.17187511920928)
	(85, 98.44791650772096)
	(90, 97.5572919845581)
	(95, 98.5911464691162)
	(100, 98.83333384990692)
};
