%ResNet101
\addplot coordinates {
	(05, 62.51096568609539)
	(10, 63.53618345762554)
	(15, 63.95559216800489)
	(20, 65.30427587659734)
	(25, 60.992324979681726)
	(30, 62.59594340073434)
	(35, 63.24561395143208)
	(40, 65.63048205877605)
	(45, 68.73355225512856)
	(50, 73.71984688859237)
	(55, 69.08991179968181)
	(60, 74.89583398166457)
	(65, 74.28728059718483)
	(70, 73.48135960729498)
	(75, 75.21929772276627)
	(80, 77.6946274857772)
	(85, 75.70723703033046)
	(90, 74.8245612571114)
	(95, 73.11677713143197)
	(100, 75.17543905659726)
};
