%ResNet50V2
\addplot coordinates {
	(05, 70.78498701254526)
	(10, 79.24169252316156)
	(15, 88.19445431232452)
	(20, 89.70430493354797)
	(25, 93.86027932167052)
	(30, 96.62343800067902)
	(35, 96.45205974578856)
	(40, 97.41458177566528)
	(45, 98.36487889289856)
	(50, 98.18627417087556)
	(55, 98.54477524757384)
	(60, 98.38480234146118)
	(65, 98.78571927547456)
	(70, 98.52188110351562)
	(75, 97.40168631076811)
	(80, 99.1772723197937)
	(85, 98.33205580711363)
	(90, 97.5544971227646)
	(95, 98.5943439602852)
	(100, 98.83376359939577)
};
