%ResNet101
\addplot coordinates {
	(05, 62.475329010110144)
	(10, 63.51425428139535)
	(15, 63.98574615779676)
	(20, 65.52905754039162)
	(25, 61.230811947270446)
	(30, 62.76864032996329)
	(35, 63.52247784012243)
	(40, 66.17324540489598)
	(45, 68.95559273268047)
	(50, 73.8103072894247)
	(55, 69.10910041708695)
	(60, 74.79714939468785)
	(65, 74.42708360521418)
	(70, 73.93366255258259)
	(75, 75.31524112350063)
	(80, 77.87828978739286)
	(85, 75.9046052631579)
	(90, 74.96984663762545)
	(95, 73.22642458112615)
	(100, 75.30701787848221)
};
