%ResNet152V2
\addplot coordinates {
	(05, 69.89884163652148)
	(10, 78.01915109157562)
	(15, 83.32637548446655)
	(20, 92.33246088027954)
	(25, 93.07831943035126)
	(30, 96.05954110622406)
	(35, 95.89820265769958)
	(40, 96.71950221061708)
	(45, 96.7902821302414)
	(50, 95.74120283126832)
	(55, 97.73070394992828)
	(60, 98.6887103319168)
	(65, 99.26622450351717)
	(70, 98.02470743656158)
	(75, 98.32950115203856)
	(80, 98.85901153087616)
	(85, 98.66078913211824)
	(90, 98.56841266155244)
	(95, 98.43355735143024)
	(100, 98.17611277103424)
};
