%ResNet101
\addplot coordinates {
	(05, 61.87664458626195)
	(10, 62.8262061821787)
	(15, 63.018092356230085)
	(20, 65.16282903520685)
	(25, 59.93475851259733)
	(30, 61.77796062670255)
	(35, 62.74013174207587)
	(40, 65.41885984571356)
	(45, 68.32181968187031)
	(50, 73.94956224843075)
	(55, 69.02357496713337)
	(60, 74.76151271870262)
	(65, 74.49122855537816)
	(70, 73.91392588615417)
	(75, 75.47916644497921)
	(80, 77.71436446591427)
	(85, 75.68475855024236)
	(90, 74.84100900198284)
	(95, 72.89254367351532)
	(100, 75.0970394987809)
};
