%ResNet101V2
\addplot coordinates {
	(05, 79.40260887145996)
	(10, 84.51340913772583)
	(15, 94.76560294628143)
	(20, 95.0739359855652)
	(25, 96.74131214618684)
	(30, 99.5416396856308)
	(35, 96.90924763679504)
	(40, 97.00387835502625)
	(45, 99.900563955307)
	(50, 99.55804765224455)
	(55, 98.71284246444702)
	(60, 99.92988526821136)
	(65, 99.20538187026978)
	(70, 99.83218312263487)
	(75, 99.95497345924376)
	(80, 98.96520137786864)
	(85, 99.92889285087584)
	(90, 99.82085406780244)
	(95, 99.952210187912)
	(100, 99.87004458904266)
};
