%VGG19
\addplot coordinates {
	(05, 65.59100872591922)
	(10, 64.12554853840878)
	(15, 64.87445266623246)
	(20, 64.19791736100849)
	(25, 62.206688366438215)
	(30, 66.37445154942965)
	(35, 59.8914478954516)
	(40, 61.455044307206805)
	(45, 62.21820147413957)
	(50, 64.77741191261693)
	(55, 65.33991286629124)
	(60, 60.82620557985807)
	(65, 64.02741262787266)
	(70, 61.99013151620564)
	(75, 60.7593203845777)
	(80, 62.54934260719701)
	(85, 62.51589906843085)
	(90, 59.95723730639407)
	(95, 60.20120633275885)
	(100, 60.4978073584406)
};
