%VGG19
\addplot coordinates {
	(05, 65.6482065978803)
	(10, 64.30140796460604)
	(15, 64.91676098422)
	(20, 64.14123836316561)
	(25, 62.35279001687702)
	(30, 66.48251445669877)
	(35, 60.09711748675296)
	(40, 61.81382442775526)
	(45, 62.32119986885473)
	(50, 64.76704791972512)
	(55, 65.41269358835721)
	(60, 61.19141515932584)
	(65, 64.28969941641155)
	(70, 62.212356768156354)
	(75, 61.1018246725986)
	(80, 62.86370864039973)
	(85, 62.63364208372016)
	(90, 60.27859763095253)
	(95, 60.2345441517077)
	(100, 60.56410387942665)
};
