%VGG19
\addplot coordinates {
	(05, 65.42346853958932)
	(10, 64.08773535176327)
	(15, 64.86087096364874)
	(20, 64.14126753807068)
	(25, 62.175741948579486)
	(30, 66.41089508407994)
	(35, 59.73175042553952)
	(40, 61.68493346164101)
	(45, 62.15331366187648)
	(50, 64.66684780622784)
	(55, 65.20142994428936)
	(60, 60.812635170786)
	(65, 64.07348795941002)
	(70, 62.02496980365954)
	(75, 61.08400539348)
	(80, 62.826250415099295)
	(85, 62.62497086273996)
	(90, 59.96425841983996)
	(95, 60.143499625356576)
	(100, 60.64026245945379)
};
