%VGG16
\addplot coordinates {
	(05, 61.89220484934354)
	(10, 59.83182380073949)
	(15, 66.4239547754589)
	(20, 65.03125680120367)
	(25, 59.22876376854745)
	(30, 60.87637088800732)
	(35, 63.831359775442834)
	(40, 62.26796084328702)
	(45, 57.92882473845231)
	(50, 60.425038400449246)
	(55, 58.14833986131769)
	(60, 57.10101253107974)
	(65, 58.21234960305063)
	(70, 57.0562271695388)
	(75, 60.49716629480061)
	(80, 59.90199258452967)
	(85, 62.23693223376024)
	(90, 54.88664884316293)
	(95, 56.75319997887862)
	(100, 59.439700214486365)
};
