%VGG16
\addplot coordinates {
	(05, 62.14912282793146)
	(10, 60.14528556873924)
	(15, 66.54331182178697)
	(20, 65.22752234810277)
	(25, 59.44352965605887)
	(30, 61.02247771463895)
	(35, 63.44298187055087)
	(40, 62.35471477634028)
	(45, 58.03179835018359)
	(50, 60.54002234810277)
	(55, 57.82072355872706)
	(60, 57.37664511329249)
	(65, 58.40186445336592)
	(70, 57.127193087025695)
	(75, 60.70723659113833)
	(80, 59.85745630766216)
	(85, 62.10252234810277)
	(90, 55.265898767270535)
	(95, 57.45339864178708)
	(100, 59.77247796560589)
};
