%VGG19
\addplot coordinates {
	(05, 66.14583291505512)
	(10, 64.88212723481027)
	(15, 65.30427650401467)
	(20, 64.66008769838434)
	(25, 62.77138214362296)
	(30, 66.92160116998774)
	(35, 60.59210582783348)
	(40, 62.54934229348835)
	(45, 63.00164461135864)
	(50, 65.26589832807842)
	(55, 65.68256522479811)
	(60, 61.72423331361068)
	(65, 64.79989070641366)
	(70, 62.90570215175026)
	(75, 61.96271934007344)
	(80, 63.34703909723383)
	(85, 63.34155672474912)
	(90, 60.97313589171359)
	(95, 60.583881641689096)
	(100, 61.31304800510407)
};
