%VGG19
\addplot coordinates {
	(05, 65.46052600208083)
	(10, 64.2900222226193)
	(15, 64.95339933194613)
	(20, 64.11458285231339)
	(25, 62.335526315789465)
	(30, 66.59265317414936)
	(35, 59.89857457186047)
	(40, 62.14364076915541)
	(45, 62.357456119436975)
	(50, 64.60252215987758)
	(55, 65.3289468664872)
	(60, 61.23355250609549)
	(65, 64.41063567211754)
	(70, 62.32456094340274)
	(75, 61.65296058905753)
	(80, 63.29769774487144)
	(85, 62.760416771236216)
	(90, 60.38103040895963)
	(95, 60.23026328337821)
	(100, 60.83059201115056)
};
