val_accuracy_mean
0.05 54.42176874803037
0.1 55.78656452042716
0.15 56.04591880525861
0.2 54.76190496464165
0.25 54.93622458710963
0.3 54.90646289319409
0.35 55.47619036265782
0.4 56.46683695364971
0.45 52.99744897959183
0.5 54.06462598820122
0.55 54.7108844834931
0.6 53.95833339009967
0.65 53.235544233906026
0.7 53.28231283596584
0.75 55.05952385007119
0.8 53.32057853134311
0.85 54.80017005180826
0.9 53.43962591521594
0.95 53.64795947561458
1.0 53.23979599135262
val_precision_mean
0.05 55.97099783469219
0.1 54.510724057956615
0.15 55.12845437137448
0.2 50.766899877665
0.25 51.97422686888247
0.3 51.609957643917625
0.35 51.54770211297639
0.4 53.21884045795519
0.45 51.47850239763454
0.5 48.88015340785591
0.55 53.61911234806996
0.6 54.09240953776301
0.65 43.840919587076925
0.7 55.82887664133188
0.75 49.52412405792548
0.8 47.06284342979898
0.85 45.79668105865012
0.9 48.620743532570046
0.95 51.940572748378834
1.0 48.75615233061265
val_sensitivity_mean
0.05 56.52210879168113
0.1 51.29251702289496
0.15 49.460034100433845
0.2 53.00170055457524
0.25 61.25425185476031
0.3 57.12159862931894
0.35 54.77040832748219
0.4 53.55442179823105
0.45 48.09523837602868
0.5 51.45833334999577
0.55 52.67006778110731
0.6 46.14370762636619
0.65 43.69897946563302
0.7 54.2602039417442
0.75 59.630102162458456
0.8 57.35544218700759
0.85 41.91751713598413
0.9 55.45918369779781
0.95 57.1428572683006
1.0 45.72704063576399
val_specificity_mean
0.05 50.37840161738652
0.1 57.82312918074277
0.15 59.630101927727154
0.2 54.91496599754508
0.25 46.1394557681847
0.3 50.14455783066853
0.35 53.89455775920378
0.4 56.43707488530448
0.45 57.29591857109752
0.5 53.329081799150735
0.55 54.3962584162245
0.6 59.026360557395584
0.65 60.21258528154267
0.7 51.96003406878789
0.75 47.59778929494169
0.8 46.32653063353227
0.85 64.00510206514475
0.9 48.45238093818937
0.95 49.136904942594015
1.0 58.94132670518771
val_f1_score_mean
0.05 51.32192865641293
0.1 48.83640839205105
0.15 47.7110645515198
0.2 50.13202716197286
0.25 53.973868185160114
0.3 51.03720942017983
0.35 51.76442010062081
0.4 50.47199147164213
0.45 47.38505640048153
0.5 47.48755383058166
0.55 47.829642098359
0.6 44.70284018019328
0.65 40.36514770467671
0.7 50.69585932152612
0.75 50.72234859880136
0.8 49.96996534113981
0.85 39.85029297253611
0.9 49.315207983766285
0.95 51.60865303204984
1.0 44.0523964067807
val_auc_mean
0.05 58.19044976818319
0.1 58.84340916361127
0.15 59.67345128254015
0.2 57.70893510507078
0.25 58.3439536240636
0.3 57.75629318490321
0.35 58.75642591593216
0.4 59.51181175757427
0.45 55.68641898583393
0.5 57.02286210595345
0.55 58.260628763510255
0.6 57.37449052382488
0.65 56.54557286476602
0.7 55.98672184408928
0.75 57.83676936918375
0.8 55.30768584231941
0.85 57.4016886706255
0.9 55.23443605218616
0.95 56.91331345207837
1.0 56.258127093315125
runtime
0.05 39.174240968665295
0.1 42.13217217581613
0.15 42.79909059952716
0.2 40.22286364010402
0.25 40.90633529546309
0.3 39.67333983888432
0.35 43.356852074058686
0.4 39.19651321975552
0.45 34.70214319229126
0.5 35.53162152913152
0.55 37.22274353552838
0.6 35.29254665180128
0.65 36.972850750903696
0.7 33.86093220418813
0.75 36.5631283448667
0.8 34.12154592299948
0.85 38.0463195479646
0.9 32.96192631429555
0.95 36.54588093076433
1.0 34.99737179036043
val_runtime
0.05 0.4235904070795799
0.1 0.4354034394634013
0.15 0.4384000787929613
0.2 0.4384487988997478
0.25 0.4204397542136056
0.3 0.4245713049051713
0.35 0.431762442296865
0.4 0.4210988502113186
0.45 0.4376478146533576
0.5 0.4395224902094627
0.55 0.4279071262904576
0.6 0.4221653743666045
0.65 0.4278605616822534
0.7 0.4524117635220897
0.75 0.4412863157233413
0.8 0.4459495495776741
0.85 0.4417834622519357
0.9 0.4284107685089111
0.95 0.4383237702505929
1.0 0.4401749542781284
total_runtime
0.05 39.59783137574488
0.1 42.56757561527953
0.15 43.23749067832012
0.2 40.66131243900377
0.25 41.3267750496767
0.3 40.09791114378949
0.35 43.78861451635555
0.4 39.61761206996684
0.45 35.13979100694462
0.5 35.97114401934098
0.55 37.65065066181884
0.6 35.71471202616789
0.65 37.40071131258595
0.7 34.313343967710225
0.75 37.00441466059004
0.8 34.56749547257716
0.85 38.48810301021653
0.9 33.390337082804464
0.95 36.98420470101493
1.0 35.43754674463856
