%VGG16
\addplot coordinates {
	(05, 61.972587673287634)
	(10, 59.923245091187326)
	(15, 66.32949553037945)
	(20, 64.92489058720437)
	(25, 59.281798099216665)
	(30, 60.78399153132188)
	(35, 63.97368468736347)
	(40, 62.32017513952757)
	(45, 57.93421048867074)
	(50, 60.35197345834029)
	(55, 58.26151308260465)
	(60, 57.174890292318246)
	(65, 58.137609456714834)
	(70, 57.31688643756666)
	(75, 60.39309172253859)
	(80, 60.1721487547222)
	(85, 62.20723688602448)
	(90, 55.2192990717135)
	(95, 56.35471532219335)
	(100, 59.265899344494464)
};
