%VGG16
\addplot coordinates {
	(05, 63.00712729755201)
	(10, 60.97313636227658)
	(15, 66.87225887649937)
	(20, 65.48793849192167)
	(25, 60.19462754851893)
	(30, 61.29934207389229)
	(35, 64.10361842105263)
	(40, 62.73848634017142)
	(45, 58.59923268619337)
	(50, 61.11293842917994)
	(55, 58.43201718832317)
	(60, 57.71381604044061)
	(65, 58.85690827118722)
	(70, 57.76315802022031)
	(75, 60.78673287441856)
	(80, 60.45778487858019)
	(85, 62.60142483209309)
	(90, 55.7620611629988)
	(95, 57.58771927733171)
	(100, 60.063048099216665)
};
