val_accuracy_mean
0.05 56.78996601883246
0.1 57.18112210838162
0.15 57.21513628959656
0.2 56.347789326492624
0.25 56.66241548499282
0.3 57.631802558898926
0.35 55.68877543721881
0.4 56.23724497094447
0.45 55.8545920313621
0.5 55.812075186748885
0.55 55.74829955490268
0.6 55.24234723071663
0.65 57.40221094112007
0.7 56.42431974411011
0.75 55.90986402667298
0.8 55.34438794972946
0.85 58.550170124793546
0.9 56.32227890345515
0.95 54.25170088300899
1.0 57.359693974864726
val_precision_mean
0.05 58.50394976382353
0.1 56.19909179453947
0.15 55.031335110567056
0.2 54.07051212933599
0.25 56.24606718822401
0.3 55.79691711737185
0.35 52.33242219808151
0.4 53.84315872678951
0.45 54.26382945508374
0.5 54.53973959903328
0.55 55.81396392413548
0.6 56.33121619419176
0.65 57.486168584045096
0.7 61.42650684531854
0.75 55.77423986123533
0.8 54.330021507886
0.85 58.55502534885796
0.9 52.935097047260825
0.95 50.537043688248616
1.0 56.32175778856083
val_sensitivity_mean
0.05 54.92772086694533
0.1 58.74999966852519
0.15 51.80697287527882
0.2 52.00255097327183
0.25 54.698129148431576
0.3 62.1598639782062
0.35 56.15646241574871
0.4 49.5918367001019
0.45 53.99659865972946
0.5 51.85799341344711
0.55 57.97193879071547
0.6 60.27636054181018
0.65 57.62329937329478
0.7 50.11054435792398
0.75 53.90731289374585
0.8 55.276360801820246
0.85 59.07312948826928
0.9 57.0918366617086
0.95 59.21768704239203
1.0 55.88435390108855
val_specificity_mean
0.05 55.73129268477157
0.1 52.62329940189968
0.15 59.35799355561636
0.2 58.28656464511034
0.25 55.59523815422186
0.3 50.26785710883536
0.35 53.966836844171794
0.4 60.289115854063816
0.45 55.365646358731446
0.5 57.54251728708647
0.55 52.58503383671751
0.6 47.35544202184038
0.65 54.09438759658713
0.7 60.94387765137517
0.75 55.705782276939374
0.8 53.29506805128589
0.85 54.77465973235667
0.9 53.04846958618384
0.95 48.28656438205923
1.0 56.16921784631832
val_f1_score_mean
0.05 51.05832416032042
0.1 54.62488118483096
0.15 49.818545214983885
0.2 50.1507889327346
0.25 51.971729616729576
0.3 57.29436694017175
0.35 52.14798590358423
0.4 48.26262938999096
0.45 51.19205658533134
0.5 48.912135960192096
0.55 53.36899675276815
0.6 53.23495383241347
0.65 53.39041824870724
0.7 48.67323272177303
0.75 50.72128158442828
0.8 51.05273421397622
0.85 54.96161912320828
0.9 52.80628435465754
0.95 53.36657604392694
1.0 51.68939803974057
val_auc_mean
0.05 60.475774200595154
0.1 60.64751549642913
0.15 61.08032124383109
0.2 59.87615208236539
0.25 60.44462566473045
0.3 60.826016932117696
0.35 59.99076548887759
0.4 60.38876425246803
0.45 59.82058255039916
0.5 60.21285002328911
0.55 60.73662942769577
0.6 59.08913490723591
0.65 61.73906569578209
0.7 60.79667161922065
0.75 59.18173789978027
0.8 58.46196151509577
0.85 62.79170233376172
0.9 59.34134004067402
0.95 57.574608374615096
1.0 61.04826215578585
runtime
0.05 53.72227508194592
0.1 44.33303780458412
0.15 53.13821751730783
0.2 49.864251783915925
0.25 43.89562477870863
0.3 50.96966490453603
0.35 42.91671301880661
0.4 43.19131400147263
0.45 44.8451195298409
0.5 45.02807824465693
0.55 46.51915533688604
0.6 40.501371894563945
0.65 45.62146760006341
0.7 43.79119704694164
0.75 44.73356070810435
0.8 44.08680649679534
0.85 49.34222011663476
0.9 45.0331533830993
0.95 40.19937506013987
1.0 46.85464592369235
val_runtime
0.05 0.510740090389641
0.1 0.4998961468132175
0.15 0.5097968140426947
0.2 0.5023168106468356
0.25 0.4952341829027448
0.3 0.50839486900641
0.35 0.5101173410610277
0.4 0.5117654946385598
0.45 0.5028011896172349
0.5 0.5180937805954291
0.55 0.4972586534461196
0.6 0.5073242138843147
0.65 0.5148260934012276
0.7 0.5326503393601398
0.75 0.5177459035600934
0.8 0.5304733879712163
0.85 0.5334605343487798
0.9 0.5023099938217475
0.95 0.5140674406168412
1.0 0.5171242636077258
total_runtime
0.05 54.23301517233556
0.1 44.83293395139734
0.15 53.64801433135053
0.2 50.36656859456277
0.25 44.39085896161137
0.3 51.47805977354244
0.35 43.42683035986764
0.4 43.70307949611119
0.45 45.34792071945814
0.5 45.54617202525236
0.55 47.01641399033216
0.6 41.00869610844826
0.65 46.13629369346463
0.7 44.32384738630178
0.75 45.25130661166444
0.8 44.61727988476655
0.85 49.87568065098353
0.9 45.53546337692105
0.95 40.71344250075671
1.0 47.37177018730008
