%VGG19
\addplot coordinates {
	(05, 70.75970298365543)
	(10, 68.85080682603937)
	(15, 69.81559929094816)
	(20, 68.99641720872177)
	(25, 66.1154408203928)
	(30, 70.92275995957223)
	(35, 62.80715214578729)
	(40, 65.49693691103083)
	(45, 66.25726411217137)
	(50, 69.53157845296359)
	(55, 69.9728896743373)
	(60, 64.20757143121017)
	(65, 68.56478264457301)
	(70, 66.07000921901903)
	(75, 64.36046142327157)
	(80, 66.48389069657577)
	(85, 66.26077262978805)
	(90, 62.89868072459572)
	(95, 63.69785744892923)
	(100, 64.25966134196834)
};
