%VGG16
\addplot coordinates {
	(05, 62.248805008436506)
	(10, 60.25468456117731)
	(15, 66.41620083859092)
	(20, 65.02802356293327)
	(25, 59.36005397846824)
	(30, 60.80179841894853)
	(35, 63.61306215587416)
	(40, 62.35957851535395)
	(45, 58.02708142682126)
	(50, 60.40063751371283)
	(55, 57.94291057084736)
	(60, 57.10536335643969)
	(65, 58.28178352431247)
	(70, 57.21861688714278)
	(75, 60.46333940405595)
	(80, 59.92535446819506)
	(85, 62.0643609448483)
	(90, 54.70657034924156)
	(95, 56.63597787681379)
	(100, 59.46688746151171)
};
