%VGG16
\addplot coordinates {
	(05, 65.22600431191293)
	(10, 63.37922623282984)
	(15, 71.51168522081876)
	(20, 69.60678759374117)
	(25, 62.25928162273608)
	(30, 64.447735642132)
	(35, 68.16237066921434)
	(40, 65.79675909719968)
	(45, 60.6051598724566)
	(50, 64.02337896196467)
	(55, 60.99569703403272)
	(60, 59.56898708092538)
	(65, 61.11178727526414)
	(70, 59.720778465271)
	(75, 63.68471352677596)
	(80, 63.42054856450934)
	(85, 66.28254024606002)
	(90, 56.84060375941428)
	(95, 58.767526871279664)
	(100, 62.39043944760373)
};
