val_accuracy_mean
0.05 67.12083327770233
0.1 69.98333311080933
0.15 70.56250023841858
0.2 71.97083353996277
0.25 73.0250004529953
0.3 74.60416638851166
0.35 75.36666667461395
0.4 76.19166660308838
0.45 76.79583311080933
0.5 77.0333331823349
0.55 77.02083337306976
0.6 78.13333332538605
0.65 77.83749985694885
0.7 78.55833351612091
0.75 78.31666707992554
0.8 79.34583342075348
0.85 79.04583287239075
0.9 79.00416684150696
0.95 79.78750026226044
1.0 80.1583331823349
val_precision_mean
0.05 66.90158140659332
0.1 70.10731256008148
0.15 70.52602970600128
0.2 71.8003921508789
0.25 72.95573341846466
0.3 74.5102744102478
0.35 75.31686067581177
0.4 76.10547602176666
0.45 76.71938252449036
0.5 77.00554025173187
0.55 76.9890810251236
0.6 78.02329623699188
0.65 77.79146313667297
0.7 78.44823110103607
0.75 78.22942686080933
0.8 79.34828436374664
0.85 79.0375623703003
0.9 78.88567996025085
0.95 79.74182140827179
1.0 80.164146900177
val_sensitivity_mean
0.05 66.88333350419998
0.1 69.30416655540466
0.15 70.49583351612091
0.2 71.89166688919067
0.25 73.05416703224182
0.3 74.65416646003723
0.35 75.34583330154419
0.4 76.13749980926514
0.45 76.72499990463257
0.5 76.99999988079071
0.55 76.95416676998138
0.6 78.22916674613953
0.65 77.75
0.7 78.60416650772095
0.75 78.27916657924652
0.8 79.25000011920929
0.85 78.99999988079071
0.9 78.93333327770233
0.95 79.66666650772095
1.0 80.15416657924652
val_specificity_mean
0.05 66.86249995231628
0.1 70.37083303928375
0.15 70.54166674613953
0.2 71.77083349227905
0.25 72.91666638851166
0.3 74.44583320617676
0.35 75.30000019073486
0.4 76.0916668176651
0.45 76.70833325386047
0.5 77.00416660308838
0.55 76.99166691303253
0.6 77.95833349227905
0.65 77.8041661977768
0.7 78.4000004529953
0.75 78.21250057220459
0.8 79.37499988079071
0.85 79.04166638851166
0.9 78.87083327770233
0.95 79.7625002861023
1.0 80.16249978542328
val_f1_score_mean
0.05 66.81212079524994
0.1 69.591099858284
0.15 70.50424981117249
0.2 71.84433054924011
0.25 73.00669610500336
0.3 74.57204496860504
0.35 75.32583153247833
0.4 76.1166079044342
0.45 76.71859681606293
0.5 77.00086057186127
0.55 76.96903240680695
0.6 78.12009847164154
0.65 77.76971852779388
0.7 78.53167414665222
0.75 78.24795615673065
0.8 79.29653441905975
0.85 79.0151344537735
0.9 78.90949165821075
0.95 79.69938933849335
1.0 80.15930533409119
val_auc_mean
0.05 72.38895380496979
0.1 75.27858543395996
0.15 76.2340099811554
0.2 77.72871172428131
0.25 79.23417067527771
0.3 81.0438381433487
0.35 81.72898054122925
0.4 82.8124703168869
0.45 83.42073035240173
0.5 83.74253928661346
0.55 83.68120765686035
0.6 84.32908761501312
0.65 84.09492886066437
0.7 85.00812482833862
0.75 84.94829869270325
0.8 85.91628730297089
0.85 85.71331703662872
0.9 85.70488727092743
0.95 86.42589044570923
1.0 86.73982346057892
runtime
0.05 63.38005104064941
0.1 71.37822361469269
0.15 73.33239377498627
0.2 75.79721081256866
0.25 77.1440796470642
0.3 82.02196266174316
0.35 76.13183487892151
0.4 80.91864244937896
0.45 82.49158087730407
0.5 81.68623963356018
0.55 82.41635084152222
0.6 84.14814344406128
0.65 83.40180918216706
0.7 86.62172961711883
0.75 82.90102971553803
0.8 86.47030819892883
0.85 81.71574119567872
0.9 76.7393007516861
0.95 81.34833269119262
1.0 76.9762603855133
val_runtime
0.05 0.673710618019104
0.1 0.7084787845611572
0.15 0.6888761997222901
0.2 0.6923441505432129
0.25 0.784992470741272
0.3 0.7192515087127686
0.35 0.7196077489852906
0.4 0.747297511100769
0.45 0.9219426584243774
0.5 0.7774743986129761
0.55 1.0095600700378418
0.6 1.0204471445083618
0.65 0.8113115024566651
0.7 0.849554009437561
0.75 0.8508843660354615
0.8 0.8765920639038086
0.85 0.8017695426940918
0.9 0.7374830102920532
0.95 0.7491192245483398
1.0 0.761626238822937
total_runtime
0.05 64.05376165866852
0.1 72.08670239925384
0.15 74.02126997470856
0.2 76.48955496311187
0.25 77.92907211780548
0.3 82.74121417045593
0.35 76.8514426279068
0.4 81.66593996047973
0.45 83.41352353572844
0.5 82.46371403217316
0.55 83.42591091156005
0.6 85.16859058856964
0.65 84.21312068462372
0.7 87.47128362655639
0.75 83.75191408157349
0.8 87.34690026283265
0.85 82.5175107383728
0.9 77.47678376197815
0.95 82.09745191574096
1.0 77.73788662433624
